<?xml version="1.0"?>
<opencv_storage>
<camera_matrix type_id="opencv-matrix">
  <rows>3</rows>
  <cols>3</cols>
  <dt>d</dt>
  <data>
    1105.8476856026798 0. 900.90104230767827 0. 1105.8476856026798
    233.73457745403593 0. 0. 1.</data></camera_matrix>
<distortion_coefficients type_id="opencv-matrix">
  <rows>5</rows>
  <cols>1</cols>
  <dt>d</dt>
  <data>
    -0.017142390588663358 -0.052536922176180278 0.01181100741644335
    -0.016874132691966501 0.027991161082030713</data></distortion_coefficients>
<image_width>1920</image_width>
<image_height>1080</image_height>
<rms_error>0.85813986010250254</rms_error>
</opencv_storage>
